source_file: /mnt/d/workspace/TrafficFlow/data/routes_tls_36000.rou.xml
vehicle_count: 36000
route_count_with_edges: 36000
unique_edge_count: 11438
total_edge_occurrences: 3228224
filter_rule: count > 1000
matched_edge_count_before_top_k: 838
top_k: not applied
result_edge_count: 838

Edges in result:
  1. 277927154	13718
  2. 1066637389	11187
  3. 101878660	10341
  4. 1276329984	9483
  5. 101878804	9232
  6. 101878645	8640
  7. 109687033	6363
  8. 108718537	5884
  9. 340586322	5873
 10. 108718513	5753
 11. 325845925	5564
 12. 1217546476	5514
 13. 322757249	5488
 14. 818023545	5303
 15. 424143545	5294
 16. 108843195	5254
 17. 109687017	5229
 18. 108718481	5223
 19. 108718526	5072
 20. 1066637391	4838
 21. 424143561	4831
 22. 424143560	4748
 23. 109687040	4548
 24. 108843233	4452
 25. 71397202	4451
 26. 424143546	4440
 27. 108718547	4388
 28. 163425295	4265
 29. 108718480	4263
 30. 108718545	4213
 31. 1066637383	4157
 32. 1200994420	3930
 33. 108843223	3927
 34. 454867352	3916
 35. 41125713	3910
 36. 405125077	3884
 37. 109686987	3870
 38. 1101508546	3862
 39. 107838414	3853
 40. 322757250	3814
 41. 338625970	3806
 42. 102777531	3801
 43. 72656613	3768
 44. 647459752	3709
 45. 424224079	3708
 46. 1320068254	3692
 47. 1276329993	3688
 48. 339306329	3685
 49. 183758083	3684
 50. 183758132	3668
 51. 322757261	3659
 52. 322757254	3651
 53. 605963686	3629
 54. 647459753	3618
 55. 1276329987	3614
 56. 341998232	3609
 57. 148491583	3508
 58. 109687045	3506
 59. 109687023	3505
 60. 109686993	3501
 61. 1101508562	3496
 62. 27582876	3490
 63. 109687035	3478
 64. 1299955883	3478
 65. 454867342	3474
 66. 27582874	3474
 67. 322757252	3411
 68. 769585297	3402
 69. 108843204	3357
 70. 27583008	3348
 71. 342265128	3318
 72. 424131436	3316
 73. 1101508564	3276
 74. 1217546513	3224
 75. 855317393	3218
 76. 108718479	3215
 77. 69866426	3168
 78. 769585294	3134
 79. 108718544	3046
 80. 69866419	3033
 81. 855317390	3031
 82. 1221467685	3030
 83. 341998348	3023
 84. 109687030	2990
 85. 1299955882	2988
 86. 109686979	2983
 87. 109687006	2979
 88. 638564492	2977
 89. 101878694	2956
 90. 338625966	2935
 91. 1319467220	2913
 92. 162638008	2910
 93. 1334823011	2905
 94. 342265124	2903
 95. 638564493	2895
 96. 108843231	2888
 97. 341998351	2887
 98. 102777542	2847
 99. 102777537	2846
100. 108718509	2846
101. 769585303	2840
102. 676167307	2838
103. 424143553	2836
104. 341998356	2825
105. 108843230	2764
106. 108718482	2755
107. 1101508541	2726
108. 647459751	2722
109. 723673545	2710
110. 605975238	2708
111. 424052448	2691
112. 342265307	2689
113. 183758080	2687
114. 109687019	2681
115. 341998357	2676
116. 341998347	2653
117. 341998353	2636
118. 424120566	2612
119. 106993472	2598
120. 1066637377	2598
121. 424143555	2598
122. 647459748	2593
123. 108718499	2549
124. 405111019	2535
125. 108718494	2525
126. 108718549	2520
127. 69866430	2516
128. 1066637384	2506
129. 1066637376	2506
130. 424217536	2493
131. 850138484	2492
132. 277928314	2490
133. 106993524	2472
134. 109687050	2469
135. 93049569	2468
136. 325845934	2465
137. 109686991	2460
138. 424217526	2457
139. 109687010	2455
140. 341998241	2443
141. 424143556	2441
142. 108718505	2438
143. 108718503	2438
144. 108718507	2438
145. 108718508	2437
146. 1300188588	2433
147. 108718512	2431
148. 109687005	2428
149. 108718542	2403
150. 1299399244	2403
151. 424143558	2401
152. 108718510	2400
153. 108718485	2400
154. 108718498	2399
155. 109687027	2390
156. 1300188601	2388
157. 108718487	2387
158. 109687008	2384
159. 108843205	2380
160. 341998244	2368
161. 506150973	2365
162. 693787316	2361
163. 108843211	2359
164. 183758079	2358
165. 183758143	2352
166. 109687053	2350
167. 322757258	2338
168. 424217537	2334
169. 1259370229	2331
170. 402704616	2320
171. 108718533	2300
172. 108843217	2291
173. 107838263	2281
174. 340586316	2279
175. 1066637382	2273
176. 1066637388	2269
177. 1066637392	2268
178. 1258958481	2262
179. 506150974	2256
180. 321303389	2252
181. 876000038	2250
182. 29281007	2241
183. 108843197	2238
184. 106993495	2226
185. 106993520	2224
186. 58708828	2222
187. 424131448	2222
188. 1101508579	2221
189. 1221467699	2213
190. 1276330013	2210
191. 277926806	2206
192. 161133437	2203
193. 27563294	2197
194. 977024791	2174
195. 830604243	2168
196. 1256479030	2168
197. 1263423835	2155
198. 108852985	2151
199. 109687002	2145
200. 339306372	2129
201. 424131539	2129
202. 163425292	2125
203. 876000036	2114
204. 741618351	2113
205. 855317394	2112
206. 424052633	2110
207. 108843203	2109
208. 1276329988	2089
209. 1066637394	2089
210. 1276329985	2088
211. 108718500	2086
212. 108718484	2085
213. 1293580513	2082
214. 1066637387	2073
215. 104785532	2069
216. 739876690	2067
217. 769199669	2065
218. 108718531	2064
219. 1299914344	2063
220. 108718555	2063
221. 506150966	2053
222. 1320068259	2047
223. 625532918	2042
224. 148490993	2029
225. 338637463	2023
226. 340405854	2023
227. 183758122	2014
228. 277926848	2014
229. 108843209	2008
230. 1299998936	1996
231. 830604238	1987
232. 108843214	1980
233. 1173730629	1975
234. 277927153	1968
235. 277926844	1968
236. 405125070	1965
237. 101878628	1958
238. 163748515	1943
239. 322757228	1940
240. 322757253	1940
241. 108843222	1938
242. 1320068267	1938
243. 101878768	1937
244. 425762545	1932
245. 182222836	1928
246. 665095538	1921
247. 855317396	1921
248. 277926782	1919
249. 179636332	1913
250. 424224080	1909
251. 102777518	1907
252. 322757222	1894
253. 322757239	1891
254. 671098149	1883
255. 1173730631	1870
256. 109687044	1869
257. 424131409	1861
258. 322757248	1852
259. 148490990	1847
260. 322757233	1845
261. 340405857	1843
262. 1299399167	1840
263. 766868059	1839
264. 322757226	1833
265. 1101508533	1832
266. 322757240	1831
267. 1217546478	1830
268. 176715910	1829
269. 1217546477	1821
270. 340552105	1818
271. 741618345	1815
272. 27583036	1813
273. 108718501	1808
274. 108718489	1807
275. 340418825	1807
276. 322757232	1805
277. 322757262	1803
278. 769199667	1803
279. 226352585	1797
280. 278480078	1787
281. 323664915	1783
282. 122140635	1779
283. 108718496	1777
284. 106977629	1777
285. 1299914339	1776
286. 277927156	1773
287. 1299399223	1772
288. 1217546479	1766
289. 322757229	1764
290. 183758081	1763
291. 27582954	1758
292. 1005846424	1755
293. 27582951	1754
294. 1186043450	1753
295. 121047603	1751
296. 109687028	1750
297. 424217525	1749
298. 508578464	1745
299. 322757245	1745
300. 322757230	1744
301. 109687001	1743
302. 109687052	1741
303. 93070267	1741
304. 109686983	1740
305. 102777523	1739
306. 109687047	1739
307. 424052453	1737
308. 580637282	1736
309. 278480079	1735
310. 1299955957	1732
311. 109687025	1732
312. 109686996	1731
313. 108718490	1730
314. 27563098	1730
315. 108718550	1729
316. 106990064	1717
317. 342265317	1700
318. 1293580550	1680
319. 856602665	1679
320. 1299399222	1678
321. 1319467222	1676
322. 856602664	1676
323. 93070293	1676
324. 93070219	1676
325. 58708779	1675
326. 45486101	1665
327. 876000048	1656
328. 1101508550	1655
329. 1301070917	1654
330. 278479974	1654
331. 1298839513	1648
332. 108718557	1647
333. 605963678	1636
334. 108718514	1635
335. 109687038	1634
336. 340552079	1633
337. 104785552	1632
338. 109687049	1632
339. 109686992	1632
340. 122140636	1630
341. 977024793	1630
342. 1298839506	1629
343. 108718491	1628
344. 1298839505	1628
345. 424224096	1626
346. 693787312	1620
347. 106993485	1618
348. 424222536	1617
349. 122481439	1614
350. 1217546473	1606
351. 769230227	1598
352. 108718523	1594
353. 108718527	1594
354. 277926800	1593
355. 1298839514	1593
356. 44406522	1592
357. 108843200	1591
358. 856746788	1586
359. 108843206	1577
360. 188386698	1577
361. 107838407	1568
362. 769585299	1559
363. 93070303	1557
364. 108843210	1555
365. 93070247	1553
366. 739876694	1547
367. 424224098	1543
368. 358384043	1540
369. 106977601	1538
370. 690481860	1537
371. 104785548	1535
372. 769230205	1530
373. 69866432	1526
374. 508578467	1525
375. 104785544	1518
376. 1263423829	1513
377. 102775152	1510
378. 344551605	1508
379. 424217524	1506
380. 109687011	1505
381. 506150984	1505
382. 109687013	1503
383. 1299162343	1503
384. 657026484	1501
385. 97662154	1497
386. 1101508543	1495
387. 556271490	1494
388. 341998323	1493
389. 109686994	1492
390. 109687042	1490
391. 162851821	1488
392. 69866427	1487
393. 69866431	1487
394. 109687018	1486
395. 1299955960	1485
396. 244439128	1485
397. 109686988	1484
398. 102780945	1484
399. 386469307	1484
400. 855317398	1484
401. 162637992	1480
402. 162637966	1479
403. 1334823012	1477
404. 44768476	1476
405. 101878822	1475
406. 407172139	1473
407. 101878667	1472
408. 739876691	1467
409. 1217546498	1467
410. 342269399	1465
411. 1299399251	1465
412. 107838356	1458
413. 1319467219	1458
414. 856741864	1457
415. 856741865	1456
416. 162637940	1456
417. 277928313	1456
418. 1298839604	1454
419. 162637938	1453
420. 341998336	1452
421. 856602668	1452
422. 424143585	1450
423. 341998352	1449
424. 341998325	1449
425. 341998318	1449
426. 183758086	1448
427. 102775149	1448
428. 341998322	1447
429. 1263423831	1446
430. 107838445	1445
431. 671098148	1442
432. 164053721	1441
433. 1298839603	1440
434. 183758138	1440
435. 1299955978	1439
436. 424143583	1439
437. 164053763	1439
438. 424143588	1436
439. 1299399253	1435
440. 341998327	1435
441. 341998332	1435
442. 325702286	1435
443. 164053723	1434
444. 341998341	1433
445. 162637978	1430
446. 162637982	1430
447. 1301070925	1429
448. 162637996	1426
449. 162637970	1426
450. 341998238	1426
451. 424143584	1426
452. 164053730	1426
453. 109687022	1425
454. 109687009	1425
455. 162637944	1425
456. 296604292	1425
457. 164053725	1425
458. 1293580545	1424
459. 108718528	1424
460. 108718520	1423
461. 108718521	1420
462. 108718486	1420
463. 1270822619	1419
464. 132233528	1419
465. 162638003	1416
466. 162637965	1413
467. 162637942	1412
468. 818023540	1411
469. 341998240	1410
470. 340548242	1410
471. 109687031	1405
472. 657026468	1403
473. 968802992	1399
474. 605963698	1392
475. 1174715044	1390
476. 1174715045	1389
477. 107838411	1389
478. 1174715043	1388
479. 107838567	1388
480. 107838360	1388
481. 107838455	1388
482. 107838529	1387
483. 107838461	1386
484. 107838575	1385
485. 769585296	1385
486. 769585291	1385
487. 183758084	1385
488. 1174320366	1384
489. 107838505	1383
490. 1174320376	1380
491. 1174320375	1379
492. 108718553	1378
493. 108718517	1378
494. 108718493	1377
495. 506150985	1376
496. 107838320	1376
497. 1174320372	1376
498. 1174320374	1376
499. 106990073	1376
500. 108718522	1375
501. 690481872	1374
502. 70266615	1373
503. 108718497	1370
504. 183758142	1366
505. 1174715050	1364
506. 107838231	1362
507. 107838385	1362
508. 1174715016	1362
509. 341998354	1361
510. 341998343	1361
511. 341998350	1361
512. 107838545	1361
513. 107838299	1361
514. 1174715051	1361
515. 1174715041	1360
516. 107838583	1360
517. 107838371	1360
518. 107838269	1360
519. 107838397	1360
520. 1174715049	1360
521. 107838467	1358
522. 1174320369	1358
523. 325845929	1350
524. 909029542	1350
525. 101878764	1349
526. 407172138	1349
527. 424224090	1349
528. 101878752	1348
529. 341998328	1348
530. 341998355	1348
531. 424143586	1347
532. 341998326	1347
533. 341998324	1347
534. 1337777287	1346
535. 183758100	1346
536. 341998339	1345
537. 948169345	1345
538. 183758144	1344
539. 967408563	1340
540. 341998345	1339
541. 341998319	1336
542. 341998344	1334
543. 424143581	1334
544. 341998329	1334
545. 424143587	1334
546. 109687012	1331
547. 109686982	1331
548. 341998320	1330
549. 341998333	1330
550. 1293580524	1330
551. 27563332	1330
552. 344834092	1328
553. 1300188605	1328
554. 108718534	1328
555. 341998317	1325
556. 341998334	1323
557. 1289076075	1323
558. 424143582	1321
559. 341998316	1320
560. 85796867	1320
561. 424217543	1319
562. 340586324	1317
563. 102780884	1317
564. 70356666	1316
565. 341726209	1311
566. 1274559068	1311
567. 162851811	1307
568. 1293580523	1307
569. 424217533	1305
570. 108718492	1303
571. 322757235	1300
572. 1299829951	1300
573. 1258958479	1299
574. 322757259	1299
575. 108718516	1296
576. 108718546	1293
577. 108718551	1290
578. 424143543	1289
579. 95618598	1287
580. 106993451	1284
581. 647459750	1282
582. 646941815	1281
583. 1293580514	1280
584. 104785584	1280
585. 755560435	1280
586. 109687016	1280
587. 109687029	1279
588. 109687021	1279
589. 109686986	1279
590. 109686995	1278
591. 1337777276	1277
592. 109687051	1277
593. 755560434	1276
594. 1258958485	1272
595. 870805634	1271
596. 322757237	1269
597. 506169198	1268
598. 276629192	1267
599. 1276330012	1266
600. 506150981	1263
601. 109687037	1263
602. 70559039	1262
603. 109687004	1261
604. 769585290	1260
605. 340548337	1259
606. 108718540	1259
607. 109686999	1257
608. 104807255	1250
609. 108718488	1248
610. 424217534	1246
611. 769203911	1246
612. 108718504	1245
613. 102777544	1243
614. 1299399225	1242
615. 97559700	1242
616. 1299399224	1241
617. 647459740	1239
618. 101878789	1237
619. 109686998	1233
620. 340548339	1230
621. 109687015	1228
622. 341998245	1225
623. 102777530	1225
624. 183758110	1223
625. 183758077	1223
626. 1101508563	1222
627. 183758140	1221
628. 647459749	1216
629. 183758137	1216
630. 183758134	1216
631. 1274559067	1216
632. 341998242	1215
633. 646941816	1214
634. 755560433	1214
635. 183758126	1214
636. 755560432	1213
637. 183758078	1213
638. 341998243	1213
639. 183758098	1213
640. 183758096	1211
641. 168457273	1210
642. 1299510181	1209
643. 183758147	1209
644. 769585295	1208
645. 101878658	1208
646. 341998235	1206
647. 188386700	1205
648. 1270822621	1205
649. 102777568	1205
650. 424143550	1200
651. 109687034	1200
652. 1174715017	1199
653. 108723281	1199
654. 341998236	1199
655. 325845931	1198
656. 1174715014	1198
657. 325845936	1197
658. 509355899	1197
659. 424143548	1196
660. 226352584	1196
661. 1174715018	1196
662. 580722928	1196
663. 277926822	1196
664. 325845930	1195
665. 109687046	1195
666. 108723295	1195
667. 1176342691	1195
668. 1174715019	1195
669. 109686981	1195
670. 108723225	1194
671. 108723261	1194
672. 1256950881	1194
673. 424120539	1194
674. 580722929	1194
675. 341998234	1194
676. 1319467221	1193
677. 108723205	1193
678. 108723275	1193
679. 108723274	1192
680. 1174715021	1192
681. 109686978	1192
682. 108723224	1191
683. 1263423833	1191
684. 1174715022	1189
685. 108723267	1189
686. 346872792	1188
687. 108723283	1187
688. 108723238	1187
689. 108723263	1187
690. 69706464	1186
691. 108723309	1186
692. 108723245	1185
693. 1299510191	1185
694. 278480098	1185
695. 183758090	1184
696. 340586353	1183
697. 1299510190	1182
698. 278480084	1182
699. 340405920	1180
700. 183758108	1178
701. 162851835	1175
702. 1270411361	1174
703. 108718556	1165
704. 322757227	1163
705. 106977620	1163
706. 108718495	1162
707. 184013600	1162
708. 86668262	1160
709. 424217535	1160
710. 342265319	1160
711. 341998233	1158
712. 339312146	1157
713. 580722927	1157
714. 108718538	1157
715. 580722926	1156
716. 454867341	1156
717. 341998237	1156
718. 338631044	1156
719. 109686980	1155
720. 277926795	1154
721. 109687039	1154
722. 1298839516	1150
723. 605975231	1148
724. 405125093	1148
725. 608038648	1146
726. 107838484	1144
727. 913514668	1144
728. 1319467203	1143
729. 106977628	1143
730. 913514667	1142
731. 769585272	1142
732. 853514850	1138
733. 277926853	1138
734. 1300716911	1137
735. 101883848	1135
736. 108718518	1131
737. 102781038	1131
738. 424143554	1129
739. 1219240771	1127
740. 108843235	1124
741. 339306177	1123
742. 121047604	1118
743. 121047600	1118
744. 121047607	1117
745. 121047601	1116
746. 1298839519	1114
747. 108843232	1112
748. 850138483	1108
749. 108718541	1107
750. 605975236	1107
751. 106977558	1104
752. 424217529	1102
753. 531213998	1102
754. 183758107	1102
755. 183758145	1102
756. 107838554	1098
757. 107838416	1098
758. 107838286	1098
759. 1174715010	1097
760. 106977582	1097
761. 107838513	1096
762. 108718530	1094
763. 107838426	1093
764. 1174715047	1093
765. 108723211	1091
766. 108723307	1091
767. 1174715032	1091
768. 277926801	1091
769. 1174715011	1090
770. 108723318	1090
771. 1174715013	1089
772. 278480055	1082
773. 340418837	1081
774. 1101518751	1080
775. 340418838	1077
776. 1299829991	1073
777. 183758116	1073
778. 531215175	1073
779. 1299510180	1072
780. 163425289	1071
781. 104785603	1071
782. 163425294	1070
783. 104785523	1070
784. 580637275	1068
785. 870768058	1067
786. 506150980	1067
787. 108757759	1066
788. 1299399250	1065
789. 1101508567	1063
790. 106993440	1060
791. 40968626	1059
792. 1299830000	1055
793. 1274786272	1055
794. 108718539	1049
795. 830604242	1049
796. 344551655	1048
797. 830604240	1046
798. 830604241	1046
799. 768740213	1044
800. 647459741	1044
801. 1101508578	1044
802. 741618350	1044
803. 1101508568	1044
804. 102780889	1041
805. 43027125	1040
806. 604696124	1038
807. 411264022	1038
808. 478006176	1037
809. 478006175	1037
810. 1174320371	1036
811. 107838285	1036
812. 107838510	1036
813. 405110992	1036
814. 163137938	1036
815. 1201055060	1032
816. 782985745	1032
817. 1015287698	1029
818. 506150956	1026
819. 506150964	1026
820. 103591827	1026
821. 506150960	1025
822. 506150962	1025
823. 325845932	1025
824. 506150954	1024
825. 506150958	1023
826. 106977577	1022
827. 342246585	1020
828. 106977596	1018
829. 104785566	1018
830. 102775157	1018
831. 774629795	1014
832. 506150968	1014
833. 338637459	1013
834. 338637453	1011
835. 506150971	1010
836. 411264023	1008
837. 104785530	1007
838. 102780900	1001
