source_file: /mnt/d/workspace/TrafficFlow/data/routes_tls_36000.rou.xml
simplify: True
vehicle_count: 36000
route_count_with_edges: 36000

[start]
unique_edge_count: 9808
total_edge_occurrences: 36000
matched_edge_count_before_top_k: 9808
top_k: 200
result_edge_count: 200
Edges in result:
  1. 156211338	49
  2. 339306329	43
  3. 338631044	43
  4. 339306351	36
  5. 338631017	34
  6. 967408567	32
  7. 226352560	28
  8. 967408563	28
  9. 608038648	28
 10. 982355648	27
 11. 890947078	25
 12. 699571514	25
 13. 289161000	25
 14. 184019850	25
 15. 403276254	24
 16. 344834090	24
 17. 404092597	22
 18. 407655887	21
 19. 163425295	21
 20. 340418913	21
 21. 796380148	21
 22. 342269400	21
 23. 605975247	21
 24. 769306760	21
 25. 340596237	21
 26. 1191524263	20
 27. 236803579	20
 28. 335397420	20
 29. 856746788	20
 30. 580304845	20
 31. 27582996	20
 32. 769635759	20
 33. 342265263	19
 34. 325845133	19
 35. 344069402	19
 36. 967408569	19
 37. 1240334287	19
 38. 405111019	19
 39. 340552079	19
 40. 338625961	18
 41. 276629192	18
 42. 72656616	18
 43. 340552081	18
 44. 339306377	18
 45. 338631051	18
 46. 344834088	18
 47. 1227641654	18
 48. 340596294	17
 49. 342265122	17
 50. 256157852	17
 51. 1327657702	17
 52. 856602674	17
 53. 1275296708	17
 54. 346289896	17
 55. 139717223	17
 56. 179636332	17
 57. 589459840	17
 58. 132310631	17
 59. 340570488	17
 60. 1356278147	17
 61. 339306185	17
 62. 277926837	17
 63. 1090411275	17
 64. 340596303	17
 65. 1354608116	16
 66. 1293134409	16
 67. 405315168	16
 68. 340551976	16
 69. 890960056	16
 70. 406007494	16
 71. 338782494	16
 72. 1329836658	16
 73. 340596275	16
 74. 1356278143	16
 75. 699575309	16
 76. 699571517	16
 77. 1446690575	16
 78. 340548325	16
 79. 1281933384	16
 80. 161691689	16
 81. 342265136	16
 82. 342269354	16
 83. 277926831	16
 84. 44419488	16
 85. 277926828	16
 86. 339306345	16
 87. 339306328	15
 88. 1293134410	15
 89. 406007491	15
 90. 699548306	15
 91. 1354611410	15
 92. 1327655456	15
 93. 700603229	15
 94. 1191524259	15
 95. 338631049	15
 96. 977024855	15
 97. 506169198	15
 98. 323664863	15
 99. 1446690577	15
100. 276629194	15
101. 24505438	15
102. 1293134412	15
103. 339306335	15
104. 344572072	15
105. 943074238	15
106. 605975238	15
107. 342269359	15
108. 342265273	15
109. 699548293	15
110. 344551655	15
111. 344069404	15
112. 601246291	15
113. 855397544	15
114. 338631066	15
115. 340552077	15
116. 29280655	15
117. 405315143	15
118. 139710343	14
119. 548108842	14
120. 122140635	14
121. 342265269	14
122. 1090413739	14
123. 340596291	14
124. 882052665	14
125. 855385552	14
126. 605989871	14
127. 882052463	14
128. 41125713	14
129. 49050521	14
130. 276629195	14
131. 813919558	14
132. 338631045	14
133. 1152314878	14
134. 277927154	14
135. 226352582	14
136. 1355904170	14
137. 1118628203	14
138. 97559700	14
139. 403418363	14
140. 913514660	14
141. 172135727	14
142. 339312148	14
143. 342265140	14
144. 810628244	14
145. 424052496	14
146. 156328691	14
147. 967408561	14
148. 405113013	14
149. 1354608550	14
150. 336849210	13
151. 404527737	13
152. 870347823	13
153. 1066370118	13
154. 339306173	13
155. 278483747	13
156. 184173106	13
157. 139717845	13
158. 340586322	13
159. 149846363	13
160. 276629242	13
161. 139669258	13
162. 342265124	13
163. 882052461	13
164. 1217693350	13
165. 405110973	13
166. 27583008	13
167. 855397547	13
168. 882052662	13
169. 405791044	13
170. 948169345	13
171. 882052607	13
172. 344571962	13
173. 325845925	13
174. 340596300	13
175. 277928314	13
176. 782985745	13
177. 769203916	13
178. 339306354	13
179. 608038646	13
180. 344834064	13
181. 1446690576	13
182. 1327655440	13
183. 339306322	13
184. 405315169	13
185. 424052487	13
186. 404575814	13
187. 1354608557	13
188. 1195448483	13
189. 183994055	13
190. 403875707	13
191. 1030872365	13
192. 699548312	13
193. 1191524270	13
194. 132310633	13
195. 605989869	13
196. 403276273	13
197. 700260525	13
198. 968812190	13
199. 276629246	13
200. 342269355	13

[end]
unique_edge_count: 9803
total_edge_occurrences: 36000
matched_edge_count_before_top_k: 9803
top_k: 200
result_edge_count: 200
Edges in result:
  1. 156211338	57
  2. 338631044	53
  3. 339306351	40
  4. 339306329	38
  5. 605975247	33
  6. 608038648	30
  7. 338631017	29
  8. 97559700	26
  9. 236803579	25
 10. 289161000	25
 11. 1446690577	24
 12. 967408567	24
 13. 101878660	23
 14. 276629246	22
 15. 342007668	22
 16. 323664915	22
 17. 407655887	21
 18. 276629192	21
 19. 179636332	21
 20. 132310631	21
 21. 72656616	21
 22. 353605043	21
 23. 977024855	21
 24. 605989871	21
 25. 967408569	21
 26. 699571514	20
 27. 769306760	20
 28. 256157852	20
 29. 580304845	20
 30. 605975238	20
 31. 344834088	20
 32. 339306335	20
 33. 344551655	19
 34. 1354611407	19
 35. 342269354	19
 36. 27583008	19
 37. 340596294	19
 38. 226352582	19
 39. 1446690575	19
 40. 403276222	19
 41. 184601386	18
 42. 699571518	18
 43. 44419490	18
 44. 335397420	18
 45. 172135727	18
 46. 796371603	18
 47. 405103278	18
 48. 184019850	18
 49. 403276249	18
 50. 340552079	18
 51. 405658931	18
 52. 699548306	18
 53. 340596275	17
 54. 818023545	17
 55. 335397423	17
 56. 321303387	17
 57. 1191524263	17
 58. 405125044	17
 59. 554298151	17
 60. 338625961	17
 61. 278480084	17
 62. 340596291	17
 63. 340570482	17
 64. 344834090	17
 65. 226352560	17
 66. 1327657702	16
 67. 338631062	16
 68. 168475967	16
 69. 967408566	16
 70. 156328691	16
 71. 403276254	16
 72. 882052463	16
 73. 425762553	16
 74. 405315143	16
 75. 277928314	16
 76. 340418913	16
 77. 708704786	16
 78. 977024834	16
 79. 665097300	15
 80. 699571522	15
 81. 605975249	15
 82. 608038646	15
 83. 403418363	15
 84. 340570468	15
 85. 967408563	15
 86. 405113033	15
 87. 104766677	15
 88. 849777390	15
 89. 1096623487	15
 90. 890947078	15
 91. 132310633	15
 92. 161691689	15
 93. 139669575	15
 94. 164316029	15
 95. 507436789	15
 96. 122140636	15
 97. 338631052	15
 98. 406007447	15
 99. 908270214	15
100. 277927154	15
101. 325845127	15
102. 344069404	15
103. 340548325	15
104. 335399713	15
105. 340596300	15
106. 342269400	15
107. 405111019	15
108. 108718480	15
109. 95801136	15
110. 589459840	15
111. 1293134412	15
112. 1090411265	15
113. 506169198	14
114. 340418855	14
115. 938854929	14
116. 339306341	14
117. 403276230	14
118. 340570487	14
119. 225370736	14
120. 338631058	14
121. 164053717	14
122. 1354608133	14
123. 340570449	14
124. 699575305	14
125. 1240334287	14
126. 882052665	14
127. 1354606277	14
128. 340596287	14
129. 344551607	14
130. 142618374	14
131. 323664863	14
132. 608038641	14
133. 1455380781	14
134. 277926833	14
135. 44419488	14
136. 769635759	14
137. 339306174	14
138. 101878804	14
139. 1293134410	14
140. 1002206586	14
141. 339306377	14
142. 982355648	14
143. 1354608554	14
144. 139710343	14
145. 342005456	14
146. 870316467	14
147. 276629235	14
148. 1090411275	14
149. 44682816	14
150. 977572442	14
151. 501381201	14
152. 1092040739	14
153. 343884363	14
154. 810628244	14
155. 835506110	14
156. 276629195	14
157. 340596237	14
158. 608038639	14
159. 403875615	14
160. 276629194	14
161. 1329836657	14
162. 403276253	14
163. 338641259	14
164. 340596163	14
165. 835506111	14
166. 548108842	14
167. 416489297	14
168. 342269359	13
169. 1303234572	13
170. 606090597	13
171. 608038643	13
172. 772704802	13
173. 1354608127	13
174. 1354608116	13
175. 1354608549	13
176. 395479807	13
177. 41125713	13
178. 34323602	13
179. 1354608550	13
180. 852913354	13
181. 605989870	13
182. 335397447	13
183. 1236896070	13
184. 1240334293	13
185. 340570488	13
186. 605989869	13
187. 699571520	13
188. 405110973	13
189. 340552080	13
190. 340405915	13
191. 522846939	13
192. 403875707	13
193. 345665417	13
194. 395097710	13
195. 870316477	13
196. 938854923	13
197. 1217693350	13
198. 342007661	13
199. 342265124	13
200. 405315168	13

[start_or_end]
unique_edge_count: 11064
total_edge_occurrences: 72000
matched_edge_count_before_top_k: 11064
top_k: 200
result_edge_count: 200
Edges in result:
  1. 156211338	106
  2. 338631044	96
  3. 339306329	81
  4. 339306351	76
  5. 338631017	63
  6. 608038648	58
  7. 967408567	56
  8. 605975247	54
  9. 289161000	50
 10. 226352560	45
 11. 236803579	45
 12. 699571514	45
 13. 967408563	43
 14. 184019850	43
 15. 407655887	42
 16. 769306760	41
 17. 982355648	41
 18. 344834090	41
 19. 403276254	40
 20. 890947078	40
 21. 97559700	40
 22. 580304845	40
 23. 967408569	40
 24. 276629192	39
 25. 1446690577	39
 26. 72656616	39
 27. 179636332	38
 28. 132310631	38
 29. 335397420	38
 30. 344834088	38
 31. 1191524263	37
 32. 256157852	37
 33. 340418913	37
 34. 340552079	37
 35. 340596294	36
 36. 977024855	36
 37. 342269400	36
 38. 338625961	35
 39. 342269354	35
 40. 276629246	35
 41. 605989871	35
 42. 605975238	35
 43. 339306335	35
 44. 1446690575	35
 45. 101878660	35
 46. 340596237	35
 47. 344551655	34
 48. 342007668	34
 49. 769635759	34
 50. 405111019	34
 51. 1327657702	33
 52. 340596275	33
 53. 699548306	33
 54. 1240334287	33
 55. 226352582	33
 56. 796380148	33
 57. 172135727	32
 58. 353605043	32
 59. 163425295	32
 60. 323664915	32
 61. 339306377	32
 62. 856746788	32
 63. 27583008	32
 64. 589459840	32
 65. 1354611407	31
 66. 404092597	31
 67. 340596291	31
 68. 161691689	31
 69. 325845133	31
 70. 340548325	31
 71. 405315143	31
 72. 1090411275	31
 73. 342265263	30
 74. 156328691	30
 75. 882052463	30
 76. 340570488	30
 77. 44419488	30
 78. 1293134412	30
 79. 27582996	30
 80. 344069404	30
 81. 405658931	30
 82. 1354608116	29
 83. 506169198	29
 84. 699571518	29
 85. 796371603	29
 86. 1293134409	29
 87. 403418363	29
 88. 1293134410	29
 89. 405315168	29
 90. 405125044	29
 91. 340596303	29
 92. 340552081	29
 93. 323664863	29
 94. 276629194	29
 95. 338631051	29
 96. 139717223	29
 97. 277928314	29
 98. 277927154	29
 99. 277926837	29
100. 342269359	28
101. 608038646	28
102. 139710343	28
103. 548108842	28
104. 340570482	28
105. 335397423	28
106. 882052665	28
107. 340551976	28
108. 1329836658	28
109. 132310633	28
110. 276629195	28
111. 405103278	28
112. 340596300	28
113. 344572072	28
114. 403276249	28
115. 810628244	28
116. 339306345	28
117. 342265273	27
118. 108718480	27
119. 184601386	27
120. 338631062	27
121. 699575309	27
122. 908270214	27
123. 890960056	27
124. 1354611410	27
125. 1090411265	27
126. 277926828	27
127. 44419490	27
128. 41125713	27
129. 849777390	27
130. 1354608550	27
131. 699571517	27
132. 335399713	27
133. 44682816	27
134. 601246291	27
135. 29280655	27
136. 403276222	27
137. 343884363	26
138. 277926831	26
139. 699575305	26
140. 967408566	26
141. 340596287	26
142. 1281933384	26
143. 340570468	26
144. 346289896	26
145. 425762553	26
146. 338782494	26
147. 342265124	26
148. 501381201	26
149. 605989869	26
150. 1217693350	26
151. 405110973	26
152. 139669575	26
153. 338631052	26
154. 1275296708	26
155. 344069402	26
156. 507436789	26
157. 403875707	26
158. 967408561	26
159. 769203916	26
160. 424052487	26
161. 342265140	26
162. 339312148	26
163. 338631049	25
164. 164316029	25
165. 699548312	25
166. 340418855	25
167. 870347823	25
168. 338631045	25
169. 339306341	25
170. 606090597	25
171. 782985745	25
172. 339306174	25
173. 24505438	25
174. 321303387	25
175. 700603229	25
176. 342265277	25
177. 139669258	25
178. 342005456	25
179. 554298151	25
180. 882052607	25
181. 608038641	25
182. 338631054	25
183. 882052461	25
184. 699571520	25
185. 278480084	25
186. 1327655440	25
187. 1002206586	25
188. 276629235	25
189. 404575814	25
190. 342265136	25
191. 1118628203	25
192. 95618622	25
193. 339306185	25
194. 855397544	25
195. 708806507	25
196. 424052496	25
197. 336849210	24
198. 665097300	24
199. 605975249	24
200. 122140635	24
